Fecha: 2025-04-03 04:57:09.532899 - Usuario: joel123456 - Accion: accedio a /receta
Fecha: 2025-04-03 04:59:34.431363 - Usuario: joel123456 - Accion: accedio a /receta
